[
	{
		"color": "хороший#453E01",
		"coords": [
			[
				[
					49.92006188582734,
					36.183128356933597
				],
				[
					49.910997970396319,
					36.18141174316406
				],
				[
					49.90746037049929,
					36.17591857910156
				],
				[
					49.904364757742147,
					36.168365478515628
				],
				[
					49.900163251242968,
					36.1614990234375
				],
				[
					49.89463439573421,
					36.15806579589844
				],
				[
					49.88534449228092,
					36.13506317138672
				],
				[
					49.87782278455924,
					36.12201690673828
				],
				[
					49.86366109677629,
					36.10176086425781
				],
				[
					49.85325846276573,
					36.08940124511719
				],
				[
					49.844403393063519,
					36.077728271484378
				],
				[
					49.83731816924409,
					36.07017517089844
				],
				[
					49.81960056694583,
					36.06777191162109
				],
				[
					49.81007467398775,
					36.07807159423828
				],
				[
					49.805864961167028,
					36.08116149902344
				],
				[
					49.80298442039457,
					36.09489440917968
				],
				[
					49.79855248452189,
					36.09214782714844
				],
				[
					49.80032530755284,
					36.08390808105469
				],
				[
					49.7992173007651,
					36.07738494873047
				],
				[
					49.7987740909505,
					36.073265075683597
				],
				[
					49.795671508655519,
					36.07292175292969
				],
				[
					49.79301199418204,
					36.077728271484378
				],
				[
					49.78902244862325,
					36.082191467285159
				],
				[
					49.78569757629146,
					36.08184814453125
				],
				[
					49.780820684052148,
					36.08184814453125
				],
				[
					49.7761650107656,
					36.082191467285159
				],
				[
					49.77483473623606,
					36.077728271484378
				],
				[
					49.77638671963695,
					36.07189178466797
				],
				[
					49.780820684052148,
					36.06777191162109
				],
				[
					49.783259191537528,
					36.06880187988281
				],
				[
					49.78503257443928,
					36.06399536132812
				],
				[
					49.78569757629146,
					36.05918884277344
				],
				[
					49.78503257443928,
					36.05094909667969
				],
				[
					49.78436756345842,
					36.046485900878909
				],
				[
					49.786362569015,
					36.039276123046878
				],
				[
					49.78990904270241,
					36.03584289550781
				],
				[
					49.79367688649271,
					36.03309631347656
				],
				[
					49.79744443716551,
					36.035499572753909
				],
				[
					49.803427591669429,
					36.034812927246097
				],
				[
					49.808080645130988,
					36.033782958984378
				],
				[
					49.8138409488132,
					36.03137969970703
				],
				[
					49.82403057594895,
					36.03137969970703
				],
				[
					49.828238708790518,
					36.028289794921878
				],
				[
					49.8333322745551,
					36.024513244628909
				],
				[
					49.835768138126137,
					36.03034973144531
				],
				[
					49.8417465558067,
					36.03618621826172
				],
				[
					49.855029282036749,
					36.03584289550781
				],
				[
					49.861226638495228,
					36.033782958984378
				],
				[
					49.86742320010261,
					36.032066345214847
				],
				[
					49.87295517274949,
					36.03240966796875
				],
				[
					49.876495302725817,
					36.032066345214847
				],
				[
					49.88069887000192,
					36.030006408691409
				],
				[
					49.88357478412549,
					36.02588653564453
				],
				[
					49.88600811611324,
					36.023826599121097
				],
				[
					49.88711413555993,
					36.021766662597659
				],
				[
					49.88556570123872,
					36.01696014404296
				],
				[
					49.884459646312837,
					36.012840270996097
				],
				[
					49.88313234694963,
					36.00975036621094
				],
				[
					49.880477638742558,
					36.004600524902347
				],
				[
					49.878044027983388,
					36.00048065185547
				],
				[
					49.87782278455924,
					35.994300842285159
				],
				[
					49.87981393888209,
					35.98777770996094
				],
				[
					49.88224746043338,
					35.98400115966797
				],
				[
					49.884459646312837,
					35.979881286621097
				],
				[
					49.88755653624285,
					35.97953796386719
				],
				[
					49.89109559573688,
					35.98640441894531
				],
				[
					49.891759140502568,
					35.99189758300781
				],
				[
					49.89198032006379,
					35.9967041015625
				],
				[
					49.89352854861032,
					36.002197265625
				],
				[
					49.89728832544083,
					36.00048065185547
				],
				[
					49.900163251242968,
					36.00013732910156
				],
				[
					49.9039225111311,
					36.00013732910156
				],
				[
					49.90657592998286,
					36.003570556640628
				],
				[
					49.90812369024422,
					36.01043701171875
				],
				[
					49.90657592998286,
					36.01799011230469
				],
				[
					49.903701386305218,
					36.026573181152347
				],
				[
					49.9032591336127,
					36.03618621826172
				],
				[
					49.908787000867139,
					36.04785919189453
				],
				[
					49.91011359474717,
					36.06365203857422
				],
				[
					49.90900810238101,
					36.070518493652347
				],
				[
					49.905249238801307,
					36.07738494873047
				],
				[
					49.900163251242968,
					36.08184814453125
				],
				[
					49.900163251242968,
					36.09661102294922
				],
				[
					49.89905753082207,
					36.10038757324219
				],
				[
					49.89949982203123,
					36.10759735107422
				],
				[
					49.90193235120907,
					36.10931396484375
				],
				[
					49.904143634943419,
					36.11137390136719
				],
				[
					49.90613370364327,
					36.11446380615234
				],
				[
					49.90723926189051,
					36.12030029296875
				],
				[
					49.90723926189051,
					36.123390197753909
				],
				[
					49.90900810238101,
					36.128196716308597
				],
				[
					49.912103417153179,
					36.13059997558594
				],
				[
					49.913872079260638,
					36.13059997558594
				],
				[
					49.91652495079967,
					36.13059997558594
				],
				[
					49.91917767639419,
					36.13059997558594
				],
				[
					49.921388169572619,
					36.13059997558594
				],
				[
					49.92205129776332,
					36.13102912902832
				],
				[
					49.92304597294713,
					36.140127182006839
				],
				[
					49.92017241086631,
					36.14192962646484
				],
				[
					49.92066977040622,
					36.14776611328125
				],
				[
					49.92011714837848,
					36.16905212402343
				]
			]
		],
		"name": "0балалаевка"
	}
]