[
	{
		"color": "#800080",
		"coords": [
			[
				[
					46.45500753244466,
					30.678076744079595
				],
				[
					46.452760514960697,
					30.674085617065427
				],
				[
					46.4511343260615,
					30.66760540008545
				],
				[
					46.450868217800628,
					30.66005229949951
				],
				[
					46.452050911230397,
					30.653486251831056
				],
				[
					46.449478520203417,
					30.648121833801267
				],
				[
					46.44581191381088,
					30.63666343688965
				],
				[
					46.44468822696115,
					30.633273124694825
				],
				[
					46.444932187260217,
					30.634657144546514
				],
				[
					46.44751957773615,
					30.644034147262578
				],
				[
					46.448258809585308,
					30.64785361289978
				],
				[
					46.44635896349348,
					30.646930932998655
				],
				[
					46.444577335554978,
					30.645343065261846
				],
				[
					46.44181976332534,
					30.645428895950319
				],
				[
					46.43864801302807,
					30.646222829818727
				],
				[
					46.43552783608941,
					30.646544694900514
				],
				[
					46.43073631611281,
					30.64680218696594
				],
				[
					46.42882106914789,
					30.646609067916868
				],
				[
					46.42788190801443,
					30.645729303359987
				],
				[
					46.425086513766597,
					30.646147727966306
				],
				[
					46.42462060078847,
					30.647521018981935
				],
				[
					46.42985634613468,
					30.6507396697998
				],
				[
					46.427608291097,
					30.65382957458496
				],
				[
					46.42852527211137,
					30.658271312713624
				],
				[
					46.430166925396289,
					30.664021968841554
				],
				[
					46.439187741149677,
					30.665502548217775
				],
				[
					46.44180497703904,
					30.67384958267212
				],
				[
					46.44006016708186,
					30.675673484802247
				],
				[
					46.43609717079953,
					30.68150997161865
				],
				[
					46.43837445015769,
					30.683419704437257
				],
				[
					46.44504307794408,
					30.683333873748784
				],
				[
					46.44610761702421,
					30.68365573883057
				],
				[
					46.45032121340353,
					30.682883262634279
				],
				[
					46.451888292406689,
					30.68150997161865
				],
				[
					46.455332750978858,
					30.681166648864744
				],
				[
					46.45679621034783,
					30.681638717651365
				]
			]
		],
		"name": "003"
	}
]